0.10 2.23
0.19 2.23
0.28 2.23
0.33 2.23
0.41 2.23
0.51 2.22
0.58 2.23
0.64 2.23
0.70 2.23
0.76 2.23
0.80 2.26
0.84 2.43
0.87 2.67
0.91 3.25
0.96 4.18
0.99 4.78
1.04 5.23
1.09 6.05
1.12 6.58
1.16 7.03
1.18 7.29
1.21 7.62
1.24 7.95
1.28 8.26
1.30 8.44
1.32 8.53
1.42 9.25
1.53 9.81
1.62 10.05
1.73 10.05
1.83 9.56
1.93 8.77
2.04 7.56
2.13 6.63
2.17 6.02
2.18 5.99
2.20 5.85
2.23 6.05
2.25 5.80
2.28 5.97
2.33 6.78
2.38 7.02
2.44 8.58
2.52 9.88
2.62 11.06
2.73 11.15
2.82 11.15
2.93 11.15
3.03 10.31
3.13 8.66
3.23 6.70
3.30 5.42
3.33 5.24
3.36 4.98
3.44 5.24
3.53 6.94
3.63 9.55
3.73 11.15
3.83 11.16
3.93 11.16
4.03 11.16
4.13 11.16
4.23 10.89
4.32 8.85
4.40 6.83
4.43 6.34
4.48 5.41
4.53 4.93
4.63 5.26
4.73 7.71
4.84 10.82
4.94 11.16
5.04 11.16
